{
 "cells": [
  {
   "cell_type": "markdown",
   "id": "7379edb1",
   "metadata": {},
   "source": [
    "# Лабораторная работа №1\n",
    "## Выполнил студент группы БСТ2001 Литвинов Д.С.\n",
    "### Задание №1\n",
    "Начало знакомства и первый вывод Jupyter Notebook"
   ]
  },
  {
   "cell_type": "code",
   "execution_count": 1,
   "id": "2940a63e",
   "metadata": {
    "scrolled": true
   },
   "outputs": [
    {
     "name": "stdout",
     "output_type": "stream",
     "text": [
      "Hello,world!\n"
     ]
    }
   ],
   "source": [
    "print(\"Hello,world!\")\n"
   ]
  },
  {
   "cell_type": "markdown",
   "id": "040e96c7",
   "metadata": {},
   "source": [
    "### Задание №2"
   ]
  },
  {
   "cell_type": "markdown",
   "id": "81e8a18e",
   "metadata": {},
   "source": [
    "Написать генератор случайных матриц(многомерных), который принимает опциональные параметры m, n, min_limit, max_limit, где m и n указывают размер матрицы, а min_lim и max_lim - минимальное и максимальное значение для генерируемого числа . По умолчанию при отсутствии параметров принимать следующие значения:\n",
    "m = 50\n",
    "n = 50\n",
    "min_limit = -250\n",
    "max_limit = 1012"
   ]
  },
  {
   "cell_type": "code",
   "execution_count": 2,
   "id": "61fe4c26",
   "metadata": {},
   "outputs": [],
   "source": [
    "import random"
   ]
  },
  {
   "cell_type": "code",
   "execution_count": 25,
   "id": "8c81f157",
   "metadata": {},
   "outputs": [
    {
     "name": "stdout",
     "output_type": "stream",
     "text": [
      "Количество строк = 20\n",
      "Количество столбцов = 20\n",
      "Минимальное значение = -100\n",
      "Максимальное значение = 1012\n",
      "[788, 454, 908, 38, 704, 864, 741, -58, 763, 745, 883, -66, -77, 405, 182, 327, 173, -40, 537, 171]\n",
      "[987, 463, 769, 376, 171, -82, 251, 584, -85, -38, -71, 925, 285, 331, 446, 469, -57, 333, 696, 181]\n",
      "[325, 769, 611, 891, 354, 953, 977, 632, 374, 610, 634, 347, 360, 1000, 1012, 354, 68, -24, 202, 618]\n",
      "[2, 696, 18, -68, 55, 824, 360, 823, 846, 447, 108, 494, 199, 719, 242, 540, 596, 605, 382, 267]\n",
      "[974, 832, -15, 281, 33, 191, 597, 471, 536, 565, 875, 522, 802, 914, 150, 715, 9, -12, 757, 387]\n",
      "[429, 205, 391, 847, 945, -1, 127, 819, 826, -75, 420, 153, 318, 820, 337, 791, 869, 15, 663, 959]\n",
      "[395, 604, 95, 966, -33, -23, 339, 351, 587, 279, 360, 533, -65, 1009, 58, 413, 607, 166, -32, 258]\n",
      "[156, 650, 85, 837, 253, 815, 662, 851, 258, 808, 324, 636, 433, 806, 0, 55, 909, 491, -54, 90]\n",
      "[437, 501, 831, 399, 982, 703, 518, 873, 543, 658, 879, 424, 312, 709, 68, 959, 431, 177, 767, 581]\n",
      "[96, 920, 720, 465, 780, 914, 285, 931, 343, 426, 40, 118, 145, 823, 351, 380, 706, 2, 180, 23]\n",
      "[500, 719, 288, 932, 986, 732, 774, 131, 531, 213, 925, 343, 596, 425, 914, 530, 414, 916, 921, 959]\n",
      "[984, 423, 428, 959, 288, 390, 819, 967, 116, 29, 523, 663, 735, 511, 937, 887, 357, 460, 958, 717]\n",
      "[302, 845, -30, -45, 849, 967, 771, 929, 123, 849, 577, 393, 386, 143, -95, -87, 445, 77, 303, 158]\n",
      "[322, 9, 272, 250, 489, 184, 303, 776, -80, 46, 217, 326, -95, 364, 1003, 407, 240, 921, 263, 828]\n",
      "[247, -72, 805, 960, 949, 328, 619, 837, 63, 593, 163, 654, 773, 242, 427, 124, 881, 409, 873, 265]\n",
      "[184, 696, -62, 571, 778, 36, 984, 700, 521, -16, 195, 181, 564, 128, 921, 80, 495, 197, 571, 892]\n",
      "[610, 958, 40, 328, 706, 622, 490, 536, -96, 724, 43, 30, -83, 266, 885, 847, 321, 492, 899, 904]\n",
      "[587, -4, 713, 851, 558, 983, 231, -89, 821, -82, 131, -56, 443, 644, 174, 903, 803, 689, -74, 843]\n",
      "[302, 833, -9, 77, 141, 182, 223, 709, 465, -36, -92, 799, 154, -4, 245, 676, 180, 151, 202, 81]\n",
      "[509, 955, 43, 851, 54, 690, 316, 396, 998, 368, 980, 791, 850, 522, 389, 650, 525, 128, 170, 420]\n"
     ]
    }
   ],
   "source": [
    "n = int(input(\"Количество строк = \", ) or \"50\")\n",
    "m = int(input(\"Количество столбцов = \", ) or \"50\")\n",
    "min_limit = int(input(\"Минимальное значение = \", ) or \"-250\")\n",
    "max_limit = int(input(\"Максимальное значение = \", ) or \"1012\")\n",
    "if min_limit >= max_limit:\n",
    "    print(\"Минимальное значение не должно превышать максимальное, программа поменяет их местами\")\n",
    "    min_limit,max_limit = max_limit,min_limit\n",
    "Two_Dimen_Matrix = [ [ random.randint(min_limit, max_limit) for j in range(m)] for i in range(n) ]\n",
    "for ind in range(n):\n",
    "    print(Two_Dimen_Matrix[ind])"
   ]
  },
  {
   "cell_type": "markdown",
   "id": "2415b986",
   "metadata": {},
   "source": [
    "### Задание №3"
   ]
  },
  {
   "cell_type": "markdown",
   "id": "93d03ffe",
   "metadata": {},
   "source": [
    "Реализовать методы сортировки строк числовой матрицы в соответствии с заданием. Оценить время работы каждого алгоритма сортировки и сравнить его со временем стандартной функции сортировки. Испытания проводить на сгенерированных матрицах.\n",
    "\n",
    "Методы: Выбором | Вставкой | Обменом | Шелла | Турнирная | Быстрая сортировка | Пирамидальная"
   ]
  },
  {
   "cell_type": "code",
   "execution_count": 26,
   "id": "44893636",
   "metadata": {},
   "outputs": [
    {
     "name": "stdout",
     "output_type": "stream",
     "text": [
      "[-77, -66, -58, -40, 38, 171, 173, 182, 327, 405, 454, 537, 704, 741, 745, 763, 788, 864, 883, 908]\n",
      "[-85, -82, -71, -57, -38, 171, 181, 251, 285, 331, 333, 376, 446, 463, 469, 584, 696, 769, 925, 987]\n",
      "[-24, 68, 202, 325, 347, 354, 354, 360, 374, 610, 611, 618, 632, 634, 769, 891, 953, 977, 1000, 1012]\n",
      "[-68, 2, 18, 55, 108, 199, 242, 267, 360, 382, 447, 494, 540, 596, 605, 696, 719, 823, 824, 846]\n",
      "[-15, -12, 9, 33, 150, 191, 281, 387, 471, 522, 536, 565, 597, 715, 757, 802, 832, 875, 914, 974]\n",
      "[-75, -1, 15, 127, 153, 205, 318, 337, 391, 420, 429, 663, 791, 819, 820, 826, 847, 869, 945, 959]\n",
      "[-65, -33, -32, -23, 58, 95, 166, 258, 279, 339, 351, 360, 395, 413, 533, 587, 604, 607, 966, 1009]\n",
      "[-54, 0, 55, 85, 90, 156, 253, 258, 324, 433, 491, 636, 650, 662, 806, 808, 815, 837, 851, 909]\n",
      "[68, 177, 312, 399, 424, 431, 437, 501, 518, 543, 581, 658, 703, 709, 767, 831, 873, 879, 959, 982]\n",
      "[2, 23, 40, 96, 118, 145, 180, 285, 343, 351, 380, 426, 465, 706, 720, 780, 823, 914, 920, 931]\n",
      "[131, 213, 288, 343, 414, 425, 500, 530, 531, 596, 719, 732, 774, 914, 916, 921, 925, 932, 959, 986]\n",
      "[29, 116, 288, 357, 390, 423, 428, 460, 511, 523, 663, 717, 735, 819, 887, 937, 958, 959, 967, 984]\n",
      "[-95, -87, -45, -30, 77, 123, 143, 158, 302, 303, 386, 393, 445, 577, 771, 845, 849, 849, 929, 967]\n",
      "[-95, -80, 9, 46, 184, 217, 240, 250, 263, 272, 303, 322, 326, 364, 407, 489, 776, 828, 921, 1003]\n",
      "[-72, 63, 124, 163, 242, 247, 265, 328, 409, 427, 593, 619, 654, 773, 805, 837, 873, 881, 949, 960]\n",
      "[-62, -16, 36, 80, 128, 181, 184, 195, 197, 495, 521, 564, 571, 571, 696, 700, 778, 892, 921, 984]\n",
      "[-96, -83, 30, 40, 43, 266, 321, 328, 490, 492, 536, 610, 622, 706, 724, 847, 885, 899, 904, 958]\n",
      "[-89, -82, -74, -56, -4, 131, 174, 231, 443, 558, 587, 644, 689, 713, 803, 821, 843, 851, 903, 983]\n",
      "[-92, -36, -9, -4, 77, 81, 141, 151, 154, 180, 182, 202, 223, 245, 302, 465, 676, 709, 799, 833]\n",
      "[43, 54, 128, 170, 316, 368, 389, 396, 420, 509, 522, 525, 650, 690, 791, 850, 851, 955, 980, 998]\n",
      "2.9821395874023438 миллисекунд\n"
     ]
    }
   ],
   "source": [
    "#сортировка выбором\n",
    "import time\n",
    "\n",
    "sel_start_time = time.time()\n",
    "\n",
    "def selection_sort(Two_Dimen_Matrix):\n",
    "    mas=Two_Dimen_Matrix.copy()\n",
    "    for i in range(len(mas)-1):\n",
    "        m = i\n",
    "        j = i + 1\n",
    "        while j < len(mas):\n",
    "            if mas[j] < mas[m]:\n",
    "                m = j\n",
    "            j = j + 1\n",
    "        mas[i], mas[m] = mas[m], mas[i]\n",
    "    return(mas)\n",
    "for ind in range(n):\n",
    "    print(selection_sort(Two_Dimen_Matrix[ind]))\n",
    "\n",
    "print(f\"{(time.time() - sel_start_time)*1000} миллисекунд\")"
   ]
  },
  {
   "cell_type": "code",
   "execution_count": 27,
   "id": "aa4ca013",
   "metadata": {},
   "outputs": [
    {
     "name": "stdout",
     "output_type": "stream",
     "text": [
      "[-77, -66, -58, -40, 38, 171, 173, 182, 327, 405, 454, 537, 704, 741, 745, 763, 788, 864, 883, 908]\n",
      "[-85, -82, -71, -57, -38, 171, 181, 251, 285, 331, 333, 376, 446, 463, 469, 584, 696, 769, 925, 987]\n",
      "[-24, 68, 202, 325, 347, 354, 354, 360, 374, 610, 611, 618, 632, 634, 769, 891, 953, 977, 1000, 1012]\n",
      "[-68, 2, 18, 55, 108, 199, 242, 267, 360, 382, 447, 494, 540, 596, 605, 696, 719, 823, 824, 846]\n",
      "[-15, -12, 9, 33, 150, 191, 281, 387, 471, 522, 536, 565, 597, 715, 757, 802, 832, 875, 914, 974]\n",
      "[-75, -1, 15, 127, 153, 205, 318, 337, 391, 420, 429, 663, 791, 819, 820, 826, 847, 869, 945, 959]\n",
      "[-65, -33, -32, -23, 58, 95, 166, 258, 279, 339, 351, 360, 395, 413, 533, 587, 604, 607, 966, 1009]\n",
      "[-54, 0, 55, 85, 90, 156, 253, 258, 324, 433, 491, 636, 650, 662, 806, 808, 815, 837, 851, 909]\n",
      "[68, 177, 312, 399, 424, 431, 437, 501, 518, 543, 581, 658, 703, 709, 767, 831, 873, 879, 959, 982]\n",
      "[2, 23, 40, 96, 118, 145, 180, 285, 343, 351, 380, 426, 465, 706, 720, 780, 823, 914, 920, 931]\n",
      "[131, 213, 288, 343, 414, 425, 500, 530, 531, 596, 719, 732, 774, 914, 916, 921, 925, 932, 959, 986]\n",
      "[29, 116, 288, 357, 390, 423, 428, 460, 511, 523, 663, 717, 735, 819, 887, 937, 958, 959, 967, 984]\n",
      "[-95, -87, -45, -30, 77, 123, 143, 158, 302, 303, 386, 393, 445, 577, 771, 845, 849, 849, 929, 967]\n",
      "[-95, -80, 9, 46, 184, 217, 240, 250, 263, 272, 303, 322, 326, 364, 407, 489, 776, 828, 921, 1003]\n",
      "[-72, 63, 124, 163, 242, 247, 265, 328, 409, 427, 593, 619, 654, 773, 805, 837, 873, 881, 949, 960]\n",
      "[-62, -16, 36, 80, 128, 181, 184, 195, 197, 495, 521, 564, 571, 571, 696, 700, 778, 892, 921, 984]\n",
      "[-96, -83, 30, 40, 43, 266, 321, 328, 490, 492, 536, 610, 622, 706, 724, 847, 885, 899, 904, 958]\n",
      "[-89, -82, -74, -56, -4, 131, 174, 231, 443, 558, 587, 644, 689, 713, 803, 821, 843, 851, 903, 983]\n",
      "[-92, -36, -9, -4, 77, 81, 141, 151, 154, 180, 182, 202, 223, 245, 302, 465, 676, 709, 799, 833]\n",
      "[43, 54, 128, 170, 316, 368, 389, 396, 420, 509, 522, 525, 650, 690, 791, 850, 851, 955, 980, 998]\n",
      "3.9806365966796875 миллисекунд\n"
     ]
    }
   ],
   "source": [
    "#сортировка вставкой\n",
    "\n",
    "insert_start_time = time.time()\n",
    "\n",
    "def insertion_sort(Two_Dimen_Matrix):\n",
    "    mas=Two_Dimen_Matrix.copy()\n",
    "    for i in range(1, len(mas)):\n",
    "        item_to_insert = mas[i]\n",
    "        j = i - 1\n",
    "        while j >= 0 and item_to_insert < mas[j]:\n",
    "            mas[j+1] = mas[j]\n",
    "            j -= 1\n",
    "        mas[j+1] = item_to_insert\n",
    "    return(mas)\n",
    "for ind in range(n):\n",
    "    print(insertion_sort(Two_Dimen_Matrix[ind]))\n",
    "\n",
    "print(f\"{(time.time() - insert_start_time)*1000} миллисекунд\")"
   ]
  },
  {
   "cell_type": "code",
   "execution_count": 28,
   "id": "4e868b5b",
   "metadata": {},
   "outputs": [
    {
     "name": "stdout",
     "output_type": "stream",
     "text": [
      "[-77, -66, -58, -40, 38, 171, 173, 182, 327, 405, 454, 537, 704, 741, 745, 763, 788, 864, 883, 908]\n",
      "[-85, -82, -71, -57, -38, 171, 181, 251, 285, 331, 333, 376, 446, 463, 469, 584, 696, 769, 925, 987]\n",
      "[-24, 68, 202, 325, 347, 354, 354, 360, 374, 610, 611, 618, 632, 634, 769, 891, 953, 977, 1000, 1012]\n",
      "[-68, 2, 18, 55, 108, 199, 242, 267, 360, 382, 447, 494, 540, 596, 605, 696, 719, 823, 824, 846]\n",
      "[-15, -12, 9, 33, 150, 191, 281, 387, 471, 522, 536, 565, 597, 715, 757, 802, 832, 875, 914, 974]\n",
      "[-75, -1, 15, 127, 153, 205, 318, 337, 391, 420, 429, 663, 791, 819, 820, 826, 847, 869, 945, 959]\n",
      "[-65, -33, -32, -23, 58, 95, 166, 258, 279, 339, 351, 360, 395, 413, 533, 587, 604, 607, 966, 1009]\n",
      "[-54, 0, 55, 85, 90, 156, 253, 258, 324, 433, 491, 636, 650, 662, 806, 808, 815, 837, 851, 909]\n",
      "[68, 177, 312, 399, 424, 431, 437, 501, 518, 543, 581, 658, 703, 709, 767, 831, 873, 879, 959, 982]\n",
      "[2, 23, 40, 96, 118, 145, 180, 285, 343, 351, 380, 426, 465, 706, 720, 780, 823, 914, 920, 931]\n",
      "[131, 213, 288, 343, 414, 425, 500, 530, 531, 596, 719, 732, 774, 914, 916, 921, 925, 932, 959, 986]\n",
      "[29, 116, 288, 357, 390, 423, 428, 460, 511, 523, 663, 717, 735, 819, 887, 937, 958, 959, 967, 984]\n",
      "[-95, -87, -45, -30, 77, 123, 143, 158, 302, 303, 386, 393, 445, 577, 771, 845, 849, 849, 929, 967]\n",
      "[-95, -80, 9, 46, 184, 217, 240, 250, 263, 272, 303, 322, 326, 364, 407, 489, 776, 828, 921, 1003]\n",
      "[-72, 63, 124, 163, 242, 247, 265, 328, 409, 427, 593, 619, 654, 773, 805, 837, 873, 881, 949, 960]\n",
      "[-62, -16, 36, 80, 128, 181, 184, 195, 197, 495, 521, 564, 571, 571, 696, 700, 778, 892, 921, 984]\n",
      "[-96, -83, 30, 40, 43, 266, 321, 328, 490, 492, 536, 610, 622, 706, 724, 847, 885, 899, 904, 958]\n",
      "[-89, -82, -74, -56, -4, 131, 174, 231, 443, 558, 587, 644, 689, 713, 803, 821, 843, 851, 903, 983]\n",
      "[-92, -36, -9, -4, 77, 81, 141, 151, 154, 180, 182, 202, 223, 245, 302, 465, 676, 709, 799, 833]\n",
      "[43, 54, 128, 170, 316, 368, 389, 396, 420, 509, 522, 525, 650, 690, 791, 850, 851, 955, 980, 998]\n",
      "2.9611587524414062 миллисекунд\n"
     ]
    }
   ],
   "source": [
    "#сортировка обменом\n",
    "\n",
    "bubble_start_time = time.time()\n",
    "\n",
    "def bubble_sort(Two_Dimen_Matrix):\n",
    "    mas=Two_Dimen_Matrix.copy()\n",
    "    for i in range(len(mas)):\n",
    "        for j in range(len(mas)-i-1):\n",
    "            if mas[j] > mas[j+1]:\n",
    "                mas[j], mas[j+1] = mas[j+1], mas[j]\n",
    "    return(mas)\n",
    "for ind in range(n):\n",
    "    print(bubble_sort(Two_Dimen_Matrix[ind]))\n",
    "    \n",
    "print(f\"{(time.time() - bubble_start_time)*1000} миллисекунд\")"
   ]
  },
  {
   "cell_type": "code",
   "execution_count": 29,
   "id": "f1a3a726",
   "metadata": {},
   "outputs": [
    {
     "name": "stdout",
     "output_type": "stream",
     "text": [
      "[-77, -66, -58, -40, 38, 171, 173, 182, 327, 405, 454, 537, 704, 741, 745, 763, 788, 864, 883, 908]\n",
      "[-85, -82, -71, -57, -38, 171, 181, 251, 285, 331, 333, 376, 446, 463, 469, 584, 696, 769, 925, 987]\n",
      "[-24, 68, 202, 325, 347, 354, 354, 360, 374, 610, 611, 618, 632, 634, 769, 891, 953, 977, 1000, 1012]\n",
      "[-68, 2, 18, 55, 108, 199, 242, 267, 360, 382, 447, 494, 540, 596, 605, 696, 719, 823, 824, 846]\n",
      "[-15, -12, 9, 33, 150, 191, 281, 387, 471, 522, 536, 565, 597, 715, 757, 802, 832, 875, 914, 974]\n",
      "[-75, -1, 15, 127, 153, 205, 318, 337, 391, 420, 429, 663, 791, 819, 820, 826, 847, 869, 945, 959]\n",
      "[-65, -33, -32, -23, 58, 95, 166, 258, 279, 339, 351, 360, 395, 413, 533, 587, 604, 607, 966, 1009]\n",
      "[-54, 0, 55, 85, 90, 156, 253, 258, 324, 433, 491, 636, 650, 662, 806, 808, 815, 837, 851, 909]\n",
      "[68, 177, 312, 399, 424, 431, 437, 501, 518, 543, 581, 658, 703, 709, 767, 831, 873, 879, 959, 982]\n",
      "[2, 23, 40, 96, 118, 145, 180, 285, 343, 351, 380, 426, 465, 706, 720, 780, 823, 914, 920, 931]\n",
      "[131, 213, 288, 343, 414, 425, 500, 530, 531, 596, 719, 732, 774, 914, 916, 921, 925, 932, 959, 986]\n",
      "[29, 116, 288, 357, 390, 423, 428, 460, 511, 523, 663, 717, 735, 819, 887, 937, 958, 959, 967, 984]\n",
      "[-95, -87, -45, -30, 77, 123, 143, 158, 302, 303, 386, 393, 445, 577, 771, 845, 849, 849, 929, 967]\n",
      "[-95, -80, 9, 46, 184, 217, 240, 250, 263, 272, 303, 322, 326, 364, 407, 489, 776, 828, 921, 1003]\n",
      "[-72, 63, 124, 163, 242, 247, 265, 328, 409, 427, 593, 619, 654, 773, 805, 837, 873, 881, 949, 960]\n",
      "[-62, -16, 36, 80, 128, 181, 184, 195, 197, 495, 521, 564, 571, 571, 696, 700, 778, 892, 921, 984]\n",
      "[-96, -83, 30, 40, 43, 266, 321, 328, 490, 492, 536, 610, 622, 706, 724, 847, 885, 899, 904, 958]\n",
      "[-89, -82, -74, -56, -4, 131, 174, 231, 443, 558, 587, 644, 689, 713, 803, 821, 843, 851, 903, 983]\n",
      "[-92, -36, -9, -4, 77, 81, 141, 151, 154, 180, 182, 202, 223, 245, 302, 465, 676, 709, 799, 833]\n",
      "[43, 54, 128, 170, 316, 368, 389, 396, 420, 509, 522, 525, 650, 690, 791, 850, 851, 955, 980, 998]\n",
      "2.992868423461914 миллисекунд\n"
     ]
    }
   ],
   "source": [
    "#сортировка Шелла\n",
    "\n",
    "Shell_start_time = time.time()\n",
    "\n",
    "def Shell_sort(Two_Dimen_Matrix):\n",
    "    mas=Two_Dimen_Matrix.copy()\n",
    "    interval = len(mas)//2\n",
    "    while interval:\n",
    "        for i, el in enumerate(mas):\n",
    "            while i >= interval and mas[i - interval] > el:\n",
    "                mas[i] = mas[i - interval]\n",
    "                i -= interval\n",
    "                mas[i] = el\n",
    "        interval = 1 if interval == 2 else int(interval * 5.0 / 11)\n",
    "    return(mas)\n",
    "\n",
    "for ind in range(n):\n",
    "    print(Shell_sort(Two_Dimen_Matrix[ind]))\n",
    "    \n",
    "print(f\"{(time.time() - Shell_start_time)*1000} миллисекунд\")"
   ]
  },
  {
   "cell_type": "code",
   "execution_count": 30,
   "id": "bdf84329",
   "metadata": {},
   "outputs": [
    {
     "name": "stdout",
     "output_type": "stream",
     "text": [
      "[-77, -66, -58, -40, 38, 171, 173, 182, 327, 405, 454, 537, 704, 741, 745, 763, 788, 864, 883, 908]\n",
      "[-85, -82, -71, -57, -38, 171, 181, 251, 285, 331, 333, 376, 446, 463, 469, 584, 696, 769, 925, 987]\n",
      "[-24, 68, 202, 325, 347, 354, 354, 360, 374, 610, 611, 618, 632, 634, 769, 891, 953, 977, 1000, 1012]\n",
      "[-68, 2, 18, 55, 108, 199, 242, 267, 360, 382, 447, 494, 540, 596, 605, 696, 719, 823, 824, 846]\n",
      "[-15, -12, 9, 33, 150, 191, 281, 387, 471, 522, 536, 565, 597, 715, 757, 802, 832, 875, 914, 974]\n",
      "[-75, -1, 15, 127, 153, 205, 318, 337, 391, 420, 429, 663, 791, 819, 820, 826, 847, 869, 945, 959]\n",
      "[-65, -33, -32, -23, 58, 95, 166, 258, 279, 339, 351, 360, 395, 413, 533, 587, 604, 607, 966, 1009]\n",
      "[-54, 0, 55, 85, 90, 156, 253, 258, 324, 433, 491, 636, 650, 662, 806, 808, 815, 837, 851, 909]\n",
      "[68, 177, 312, 399, 424, 431, 437, 501, 518, 543, 581, 658, 703, 709, 767, 831, 873, 879, 959, 982]\n",
      "[2, 23, 40, 96, 118, 145, 180, 285, 343, 351, 380, 426, 465, 706, 720, 780, 823, 914, 920, 931]\n",
      "[131, 213, 288, 343, 414, 425, 500, 530, 531, 596, 719, 732, 774, 914, 916, 921, 925, 932, 959, 986]\n",
      "[29, 116, 288, 357, 390, 423, 428, 460, 511, 523, 663, 717, 735, 819, 887, 937, 958, 959, 967, 984]\n",
      "[-95, -87, -45, -30, 77, 123, 143, 158, 302, 303, 386, 393, 445, 577, 771, 845, 849, 849, 929, 967]\n",
      "[-95, -80, 9, 46, 184, 217, 240, 250, 263, 272, 303, 322, 326, 364, 407, 489, 776, 828, 921, 1003]\n",
      "[-72, 63, 124, 163, 242, 247, 265, 328, 409, 427, 593, 619, 654, 773, 805, 837, 873, 881, 949, 960]\n",
      "[-62, -16, 36, 80, 128, 181, 184, 195, 197, 495, 521, 564, 571, 571, 696, 700, 778, 892, 921, 984]\n",
      "[-96, -83, 30, 40, 43, 266, 321, 328, 490, 492, 536, 610, 622, 706, 724, 847, 885, 899, 904, 958]\n",
      "[-89, -82, -74, -56, -4, 131, 174, 231, 443, 558, 587, 644, 689, 713, 803, 821, 843, 851, 903, 983]\n",
      "[-92, -36, -9, -4, 77, 81, 141, 151, 154, 180, 182, 202, 223, 245, 302, 465, 676, 709, 799, 833]\n",
      "[43, 54, 128, 170, 316, 368, 389, 396, 420, 509, 522, 525, 650, 690, 791, 850, 851, 955, 980, 998]\n",
      "18.950223922729492 миллисекунд\n"
     ]
    }
   ],
   "source": [
    "#Турнирная сортировка\n",
    "\n",
    "tournament_start_time = time.time()\n",
    "\n",
    "def tournamentSort(Two_Dimen_Matrix):\n",
    "    mas = Two_Dimen_Matrix.copy()\n",
    "    tree = [None] * 2 * (len(mas) + len(mas) % 2)\n",
    "    index = len(tree) - len(mas) - len(mas) % 2\n",
    "    \n",
    "    for i, v in enumerate(mas):\n",
    "        tree[index + i] = (i, v)\n",
    "    \n",
    "    for j in range(len(mas)):\n",
    "        n = len(mas)\n",
    "        index = len(tree) - len(mas) - len(mas) % 2\n",
    "        while index > -1:\n",
    "            n = (n + 1) // 2\n",
    "            for i in range(n):\n",
    "                i = max(index + i * 2, 1) \n",
    "                if tree[i] != None and tree[i + 1] != None:\n",
    "                    if tree[i][1] < tree[i + 1][1]:\n",
    "                        tree[i // 2] = tree[i]\n",
    "                    else:\n",
    "                        tree[i // 2] = tree[i + 1]\n",
    "                else:\n",
    "                    tree[i // 2] = tree[i] if tree[i] != None else tree[i + 1]\n",
    "            index -= n\n",
    "\n",
    "        index, x = tree[0]\n",
    "        mas[j] = x\n",
    "        tree[len(tree) - len(mas) - len(mas) % 2 + index] = None\n",
    "    return(mas)\n",
    "for ind in range(n):\n",
    "    print(tournamentSort(Two_Dimen_Matrix[ind]))\n",
    "\n",
    "print(f\"{(time.time() - tournament_start_time)*1000} миллисекунд\")"
   ]
  },
  {
   "cell_type": "code",
   "execution_count": 31,
   "id": "40ed7420",
   "metadata": {},
   "outputs": [
    {
     "name": "stdout",
     "output_type": "stream",
     "text": [
      "[-77, -66, -58, -40, 38, 171, 173, 182, 327, 405, 454, 537, 704, 741, 745, 763, 788, 864, 883, 908]\n",
      "[-85, -82, -71, -57, -38, 171, 181, 251, 285, 331, 333, 376, 446, 463, 469, 584, 696, 769, 925, 987]\n",
      "[-24, 68, 202, 325, 347, 354, 354, 360, 374, 610, 611, 618, 632, 634, 769, 891, 953, 977, 1000, 1012]\n",
      "[-68, 2, 18, 55, 108, 199, 242, 267, 360, 382, 447, 494, 540, 596, 605, 696, 719, 823, 824, 846]\n",
      "[-15, -12, 9, 33, 150, 191, 281, 387, 471, 522, 536, 565, 597, 715, 757, 802, 832, 875, 914, 974]\n",
      "[-75, -1, 15, 127, 153, 205, 318, 337, 391, 420, 429, 663, 791, 819, 820, 826, 847, 869, 945, 959]\n",
      "[-65, -33, -32, -23, 58, 95, 166, 258, 279, 339, 351, 360, 395, 413, 533, 587, 604, 607, 966, 1009]\n",
      "[-54, 0, 55, 85, 90, 156, 253, 258, 324, 433, 491, 636, 650, 662, 806, 808, 815, 837, 851, 909]\n",
      "[68, 177, 312, 399, 424, 431, 437, 501, 518, 543, 581, 658, 703, 709, 767, 831, 873, 879, 959, 982]\n",
      "[2, 23, 40, 96, 118, 145, 180, 285, 343, 351, 380, 426, 465, 706, 720, 780, 823, 914, 920, 931]\n",
      "[131, 213, 288, 343, 414, 425, 500, 530, 531, 596, 719, 732, 774, 914, 916, 921, 925, 932, 959, 986]\n",
      "[29, 116, 288, 357, 390, 423, 428, 460, 511, 523, 663, 717, 735, 819, 887, 937, 958, 959, 967, 984]\n",
      "[-95, -87, -45, -30, 77, 123, 143, 158, 302, 303, 386, 393, 445, 577, 771, 845, 849, 849, 929, 967]\n",
      "[-95, -80, 9, 46, 184, 217, 240, 250, 263, 272, 303, 322, 326, 364, 407, 489, 776, 828, 921, 1003]\n",
      "[-72, 63, 124, 163, 242, 247, 265, 328, 409, 427, 593, 619, 654, 773, 805, 837, 873, 881, 949, 960]\n",
      "[-62, -16, 36, 80, 128, 181, 184, 195, 197, 495, 521, 564, 571, 571, 696, 700, 778, 892, 921, 984]\n",
      "[-96, -83, 30, 40, 43, 266, 321, 328, 490, 492, 536, 610, 622, 706, 724, 847, 885, 899, 904, 958]\n",
      "[-89, -82, -74, -56, -4, 131, 174, 231, 443, 558, 587, 644, 689, 713, 803, 821, 843, 851, 903, 983]\n",
      "[-92, -36, -9, -4, 77, 81, 141, 151, 154, 180, 182, 202, 223, 245, 302, 465, 676, 709, 799, 833]\n",
      "[43, 54, 128, 170, 316, 368, 389, 396, 420, 509, 522, 525, 650, 690, 791, 850, 851, 955, 980, 998]\n",
      "7.976293563842773 миллисекунд\n"
     ]
    }
   ],
   "source": [
    "#Быстрая сортировка\n",
    "\n",
    "quick_start_time = time.time()\n",
    "\n",
    "def quick_sort(Two_Dimen_Matrix):\n",
    "    mas = Two_Dimen_Matrix.copy()\n",
    "    if len(mas) < 2:\n",
    "        return mas\n",
    "    low, same, high = [], [], []\n",
    "    pivot = mas[random.randint(0, len(mas) - 1)]\n",
    "    for item in mas:\n",
    "        if item < pivot:\n",
    "            low.append(item)\n",
    "        elif item == pivot:\n",
    "            same.append(item)\n",
    "        elif item > pivot:\n",
    "            high.append(item)\n",
    "    return quick_sort(low) + same + quick_sort(high)\n",
    "\n",
    "for ind in range(n):\n",
    "    print(quick_sort(Two_Dimen_Matrix[ind]))\n",
    "\n",
    "print(f\"{(time.time() - quick_start_time)*1000} миллисекунд\")"
   ]
  },
  {
   "cell_type": "code",
   "execution_count": 32,
   "id": "b406dc70",
   "metadata": {
    "scrolled": true
   },
   "outputs": [
    {
     "name": "stdout",
     "output_type": "stream",
     "text": [
      "[-77, -66, 763, 454, 864, 741, 327, 38, 745, 704, -58, -40, 405, 182, 171, 173, 537, 788, 883, 908]\n",
      "[-85, -82, 463, 181, 769, 446, 584, 376, 171, -71, -57, 285, 331, 251, 469, -38, 333, 696, 925, 987]\n",
      "[-24, 68, 769, 634, 953, 611, 632, 374, 618, 354, 347, 360, 1000, 977, 354, 202, 325, 610, 891, 1012]\n",
      "[-68, 2, 696, 447, 18, 719, 823, 55, 108, 199, 494, 242, 360, 267, 540, 596, 605, 382, 824, 846]\n",
      "[-15, -12, 757, 832, 802, 9, 715, 281, 565, 33, 522, 191, 597, 150, 471, 387, 536, 875, 914, 974]\n",
      "[-75, -1, 869, 205, 318, 391, 847, 826, 945, 420, 153, 15, 127, 337, 791, 819, 429, 663, 820, 959]\n",
      "[-65, -33, 604, 360, 533, 95, 607, 587, 279, -32, -23, 58, 339, 166, 413, 351, 258, 395, 966, 1009]\n",
      "[-54, 0, 650, 808, 85, 806, 837, 491, 253, 324, 636, 433, 662, 55, 90, 851, 258, 156, 815, 909]\n",
      "[68, 177, 959, 501, 703, 709, 399, 767, 658, 879, 424, 312, 518, 431, 873, 437, 543, 581, 831, 982]\n",
      "[2, 23, 920, 780, 720, 823, 465, 343, 426, 40, 118, 145, 285, 351, 380, 706, 96, 180, 914, 931]\n",
      "[131, 213, 932, 719, 732, 288, 530, 921, 959, 925, 343, 596, 425, 774, 414, 500, 916, 531, 914, 986]\n",
      "[29, 116, 423, 717, 735, 428, 959, 958, 288, 523, 663, 390, 511, 819, 887, 357, 460, 937, 967, 984]\n",
      "[-95, -87, 845, 849, -30, 771, -45, 303, 849, 577, 393, 386, 143, 77, 123, 445, 158, 302, 929, 967]\n",
      "[-95, -80, 9, 828, 326, 272, 776, 250, 489, 217, 184, 46, 364, 303, 407, 240, 263, 322, 921, 1003]\n",
      "[-72, 63, 124, 949, 773, 619, 881, 873, 593, 163, 654, 328, 242, 427, 247, 837, 409, 265, 805, 960]\n",
      "[-62, -16, 700, 696, 564, 36, 571, 571, 778, 195, 181, 80, 128, 921, 184, 495, 197, 521, 892, 984]\n",
      "[-96, -83, 899, 904, 622, 40, 847, 328, 706, 43, 30, 266, 321, 490, 536, 492, 610, 724, 885, 958]\n",
      "[-89, -82, -4, 843, 713, 644, 851, 821, 558, 131, -56, 443, 231, 174, -74, 803, 689, 587, 903, 983]\n",
      "[-92, -36, 709, 141, -9, 245, 77, 465, 81, -4, 182, 154, 151, 223, 676, 180, 202, 302, 799, 833]\n",
      "[43, 54, 955, 980, 128, 522, 650, 851, 420, 170, 791, 690, 316, 389, 396, 525, 368, 509, 850, 998]\n",
      "8.975505828857422 миллисекунд\n"
     ]
    }
   ],
   "source": [
    "#пирамидальная сортировка\n",
    "\n",
    "pyramid_start_time = time.time()\n",
    "\n",
    "def heapify(array, heapSize, rootIndex):\n",
    "    largest = rootIndex\n",
    "    leftChild = (2 * rootIndex) + 1\n",
    "    rightChild = (2 * rootIndex) + 2\n",
    "    if leftChild < heapSize and array[leftChild] > array[largest]:\n",
    "        largest = leftChild\n",
    "    if rightChild < heapSize and array[rightChild] > array[largest]:\n",
    "        largest = rightChild\n",
    "    if largest != rootIndex:\n",
    "        array[rootIndex], array[largest] = array[largest], array[rootIndex]\n",
    "        \n",
    "def heap_sort(matrix):\n",
    "    array = matrix.copy()\n",
    "    n = len(array)\n",
    "    for i in range(n, -1, -1):\n",
    "        heapify(array, n, i)\n",
    "    for i in range(n - 1, 0, -1):\n",
    "        array[i], array[0] = array[0], array[i]\n",
    "        heapify(array, i, 0)\n",
    "    return(array)\n",
    "\n",
    "for ind in range(n):\n",
    "    print(heap_sort(Two_Dimen_Matrix[ind]))\n",
    "\n",
    "print(f\"{(time.time() - pyramid_start_time)*1000} миллисекунд\")"
   ]
  },
  {
   "cell_type": "code",
   "execution_count": 33,
   "id": "5678384b",
   "metadata": {},
   "outputs": [
    {
     "name": "stdout",
     "output_type": "stream",
     "text": [
      "[-77, -66, -58, -40, 38, 171, 173, 182, 327, 405, 454, 537, 704, 741, 745, 763, 788, 864, 883, 908]\n",
      "[-85, -82, -71, -57, -38, 171, 181, 251, 285, 331, 333, 376, 446, 463, 469, 584, 696, 769, 925, 987]\n",
      "[-24, 68, 202, 325, 347, 354, 354, 360, 374, 610, 611, 618, 632, 634, 769, 891, 953, 977, 1000, 1012]\n",
      "[-68, 2, 18, 55, 108, 199, 242, 267, 360, 382, 447, 494, 540, 596, 605, 696, 719, 823, 824, 846]\n",
      "[-15, -12, 9, 33, 150, 191, 281, 387, 471, 522, 536, 565, 597, 715, 757, 802, 832, 875, 914, 974]\n",
      "[-75, -1, 15, 127, 153, 205, 318, 337, 391, 420, 429, 663, 791, 819, 820, 826, 847, 869, 945, 959]\n",
      "[-65, -33, -32, -23, 58, 95, 166, 258, 279, 339, 351, 360, 395, 413, 533, 587, 604, 607, 966, 1009]\n",
      "[-54, 0, 55, 85, 90, 156, 253, 258, 324, 433, 491, 636, 650, 662, 806, 808, 815, 837, 851, 909]\n",
      "[68, 177, 312, 399, 424, 431, 437, 501, 518, 543, 581, 658, 703, 709, 767, 831, 873, 879, 959, 982]\n",
      "[2, 23, 40, 96, 118, 145, 180, 285, 343, 351, 380, 426, 465, 706, 720, 780, 823, 914, 920, 931]\n",
      "[131, 213, 288, 343, 414, 425, 500, 530, 531, 596, 719, 732, 774, 914, 916, 921, 925, 932, 959, 986]\n",
      "[29, 116, 288, 357, 390, 423, 428, 460, 511, 523, 663, 717, 735, 819, 887, 937, 958, 959, 967, 984]\n",
      "[-95, -87, -45, -30, 77, 123, 143, 158, 302, 303, 386, 393, 445, 577, 771, 845, 849, 849, 929, 967]\n",
      "[-95, -80, 9, 46, 184, 217, 240, 250, 263, 272, 303, 322, 326, 364, 407, 489, 776, 828, 921, 1003]\n",
      "[-72, 63, 124, 163, 242, 247, 265, 328, 409, 427, 593, 619, 654, 773, 805, 837, 873, 881, 949, 960]\n",
      "[-62, -16, 36, 80, 128, 181, 184, 195, 197, 495, 521, 564, 571, 571, 696, 700, 778, 892, 921, 984]\n",
      "[-96, -83, 30, 40, 43, 266, 321, 328, 490, 492, 536, 610, 622, 706, 724, 847, 885, 899, 904, 958]\n",
      "[-89, -82, -74, -56, -4, 131, 174, 231, 443, 558, 587, 644, 689, 713, 803, 821, 843, 851, 903, 983]\n",
      "[-92, -36, -9, -4, 77, 81, 141, 151, 154, 180, 182, 202, 223, 245, 302, 465, 676, 709, 799, 833]\n",
      "[43, 54, 128, 170, 316, 368, 389, 396, 420, 509, 522, 525, 650, 690, 791, 850, 851, 955, 980, 998]\n",
      "11.964797973632812 миллисекунд\n"
     ]
    }
   ],
   "source": [
    "#встроенная сортировка\n",
    "\n",
    "integral_start_time = time.time()\n",
    "\n",
    "def integral_sort(matrix):\n",
    "    mas = matrix.copy()\n",
    "    mas.sort()\n",
    "    return(mas)\n",
    "    \n",
    "for ind in range(n):\n",
    "    print(integral_sort(Two_Dimen_Matrix[ind]))\n",
    "    \n",
    "print(f\"{(time.time() - integral_start_time)*1000} миллисекунд\")"
   ]
  },
  {
   "cell_type": "markdown",
   "id": "04bfa93f",
   "metadata": {},
   "source": [
    "## Таким образом, были выведены все алгоритмы сортировки и время, за которое они выполнились. Подводя итог, можно говорить о том, что встроенная сортировка является не самым медленным способом сортировки."
   ]
  }
 ],
 "metadata": {
  "kernelspec": {
   "display_name": "Python 3 (ipykernel)",
   "language": "python",
   "name": "python3"
  },
  "language_info": {
   "codemirror_mode": {
    "name": "ipython",
    "version": 3
   },
   "file_extension": ".py",
   "mimetype": "text/x-python",
   "name": "python",
   "nbconvert_exporter": "python",
   "pygments_lexer": "ipython3",
   "version": "3.9.7"
  }
 },
 "nbformat": 4,
 "nbformat_minor": 5
}
